100.001
100.006
99.9968
99.9838
99.9762
99.9692
99.9634
99.9866
99.9846
99.9504
99.9472
99.9605
99.9591
99.943
99.927
99.9289
99.9625
99.9705
99.9445
99.9314
99.9456
99.9411
99.9304
99.9265
99.9591
99.9623
99.9983
100.002
100.036
100.024
100.046
100.059
100.076
100.095
100.088
100.096
100.106
100.114
100.105
100.098
100.095
100.078
100.07
100.075
100.084
100.073
100.074
100.076
100.088
100.107
100.08
100.072
100.071
100.08
100.092
100.075
100.056
100.069
100.063
100.078
100.062
100.047
100.036
100.048
100.038
100.038
100.036
100.043
100.045
100.05
100.038
100.069
100.083
100.064
100.066
100.093
100.085
100.067
100.073
100.064
100.066
100.059
100.052
100.051
100.038
100.052
100.087
100.088
100.093
100.114
100.122
100.09
100.105
100.132
100.137
100.138
100.144
100.117
100.134
100.129
100.116
100.109
100.112
100.103
100.082
100.053
100.067
100.085
100.075
100.103
100.086
100.093
100.093
100.085
100.083
100.083
100.083
100.093
100.101
100.124
100.123
100.111
100.125
100.113
100.132
100.13
100.136
100.12
100.127
100.118
100.135
100.142
100.118
100.149
100.156
100.161
100.152
100.138
100.144
100.103
100.104
100.09
100.054
100.029
100.05
100.049
100.043
100.044
100.064
100.071
100.057
100.048
100.048
100.043
100.045
100.034
100.052
100.062
100.065
100.078
100.066
100.072
100.08
100.102
100.094
100.098
100.104
100.118
100.145
100.169
100.182
100.171
100.161
100.134
100.112
100.115
100.12
100.101
100.078
100.085
100.091
100.074
100.077
100.066
100.044
100.048
100.045
100.07
100.079
100.058
100.074
100.089
100.122
100.136
100.118
100.127
100.113
100.116
100.086
100.08
100.069
100.072
100.074
100.104
100.099
100.073
100.089
100.072
100.072
100.079
100.083
100.087
100.074
100.051
100.048
100.047
100.054
100.051
100.04
100.04
100.052
100.054
100.052
100.058
100.042
100.05
100.058
100.054
100.044
100.051
100.064
100.053
100.091
100.07
100.06
100.05
100.074
100.083
100.095
100.077
100.086
100.061
100.048
100.072
100.092
100.11
100.131
100.116
100.11
100.106
100.089
100.097
100.075
100.069
100.052
100.041
100.015
100.036
100.033
100.035
100.027
100.025
100.046
100.049
100.038
100.07
100.067
100.075
100.046
100.047
100.045
100.029
100.043
100.046
100.048
100.067
100.056
100.063
100.049
100.071
100.074
100.071
100.087
100.06
100.07
100.049
100.054
100.059
100.034
100.056
100.053
100.045
100.043
100.02
100.023
100.025
100.018
100.028
100.03
100.039
100.028
100.005
100.007
100.04
100.038
100.015
100.037
100.046
100.039
100.026
100.03
100.046
100.047
100.043
100.028
99.9898
99.9738
99.9845
99.9975
99.9735
99.9675
99.9794
99.9713
99.9788
99.9452
99.9418
99.9509
99.9517
99.9422
99.9381
99.9346
99.9443
99.9281
99.9274
99.9303
99.9363
99.9186
99.9203
99.9541
99.9645
99.9683
99.9486
99.9716
99.984
99.9826
99.9909
100.01
100.038
100.035
100.035
100.049
100.055
100.04
100.046
100.013
100.014
99.9858
99.9833
99.9798
99.9893
99.9813
99.9918
99.9778
99.9841
99.9791
99.9768
99.9468
99.9358
99.9367
99.9429
99.9316
99.9223
99.9196
99.9327
99.9302
99.8985
99.8882
99.8786
99.8809
99.8489
99.8547
99.8524
99.8521
99.828
99.8398
99.8254
99.8405
99.8589
99.8287
99.8391
99.8442
99.849
99.8512
99.8761
99.889
99.8961
99.8648
99.8791
99.8789
99.9078
99.8993
99.8982
99.8939
99.9029
99.9051
99.9107
99.9189
99.9103
99.9071
99.9159
99.9545
99.9447
99.9394
99.9234
99.9202
99.9191
99.9168
99.9258
99.9559
99.9696
99.9901
99.9921
99.9811
99.9428
99.9471
99.942
99.944
99.9416
99.9388
99.9205
99.9052
99.9146
99.9304
99.9424
99.9513
99.9448
99.9502
99.9601
99.9631
99.9506
99.9344
99.9453
99.9613
99.9319
99.921
99.9322
99.9365
99.9551
99.9875
100.026
100.037
100.052
100.06
100.057
100.049
100.044
100.041
100.046
100.103
100.085
100.072
100.078
100.061
100.063
100.063
100.064
100.079
100.063
100.056
100.057
100.042
100.032
100.018
100.008
100.014
100.033
100.043
100.057
100.063
100.067
100.068
100.061
100.048
100.046
100.037
100.067
100.057
100.071
100.073
100.068
100.067
100.066
100.071
100.105
100.093
100.094
100.095
100.079
100.06
100.079
100.083
100.088
100.114
100.13
100.128
100.127
100.118
100.113
100.104
100.099
100.096
100.108
100.109
100.129
100.152
100.159
100.129
100.149
100.133
100.102
100.11
100.117
100.112
100.086
100.085
100.033
100.015
100.01
100.049
100.065
100.06
100.037
100.025
100.02
100.028
100.007
100.003
99.9852
99.9704
99.9596
99.9519
99.9524
99.9351
99.9241
99.914
99.9173
99.9072
99.9217
99.9388
99.9474
99.9545
99.9602
99.9588
99.9769
99.9861
99.9734
99.9753
99.9457
99.9389
99.9275
99.9225
99.9275
99.9339
99.9209
99.935
99.928
99.9319
99.9474
99.9324
99.9062
99.9001
99.9167
99.943
99.9362
99.9406
99.9427
99.9513
99.9346
99.925
99.9373
99.9293
99.9151
99.8962
99.891
99.868
99.8587
99.8796
99.8808
99.8508
99.8306
99.8412
99.8354
99.8462
99.8216
99.8427
99.8478
99.8462
99.842
99.8251
99.8097
99.8283
99.8133
99.8067
99.779
99.7782
99.7742
99.7499
99.76
99.7608
99.7533
99.7506
99.7483
99.735
99.7113
99.7342
99.7211
99.6956
99.6918
99.7003
99.6937
99.7161
99.7117
99.7244
99.735
99.7289
99.7434
99.7407
99.7473
99.733
99.7078
99.6969
99.6894
99.6899
99.6987
99.6773
99.6705
99.6931
99.7064
99.706
99.7091
99.7026
99.707
99.7043
99.7038
99.7106
99.713
99.7093
99.7221
99.7121
99.6998
99.6967
99.7187
99.7235
99.7372
99.7281
99.7256
99.6958
99.7146
99.7184
99.7145
99.7076
99.708
99.7219
99.7279
99.6948
99.6989
99.6817
99.6758
99.6645
99.6551
99.6618
99.6609
99.6677
99.6681
99.696
99.6946
99.7018
99.6839
99.7123
99.7174
99.6942
99.6731
99.7023
99.7242
99.7109
99.7114
99.7245
99.7367
99.7418
99.7448
99.7598
99.7795
99.7836
99.7909
99.7833
99.775
99.7543
99.7597
99.8032
99.8026
99.8261
99.8021
99.7679
99.7613
99.7946
99.8075
99.7885
99.8021
99.8037
99.8163
99.7979
99.7923
99.7719
99.7745
99.7896
99.7741
99.7677
99.7619
99.7735
99.7874
99.8076
99.8308
99.8493
99.8409
99.8518
99.829
99.8217
99.8317
99.845
99.851
99.8535
99.8489
99.871
99.8923
99.889
99.893
99.8882
99.9231
99.9367
99.9523
99.96
99.9864
99.9847
100.004
99.9956
99.9918
100.01
100.029
100.054
100.069
100.071
100.095
100.097
100.094
100.129
100.143
100.14
100.147
100.122
100.121
100.121
100.123
100.124
100.112
100.116
100.115
100.116
100.141
100.13
100.143
100.143
100.145
100.174
100.173
100.192
100.193
100.182
100.179
100.181
100.166
100.183
100.201
100.212
100.223
100.213
100.219
100.217
100.213
100.198
100.186
100.175
100.161
100.17
100.172
100.171
100.172
100.187
100.197
100.195
100.197
100.192
100.211
100.199
100.217
100.222
100.204
100.187
100.168
100.147
100.152
100.136
100.131
100.164
100.179
100.194
100.186
100.163
100.145
100.141
100.129
100.14
100.107
100.084
100.093
100.07
100.068
100.085
100.106
100.083
100.096
100.071
100.12
100.092
100.101
100.094
100.088
100.087
100.058
100.044
100.059
100.042
100.06
100.058
100.065
100.063
100.071
100.081
100.078
100.067
100.068
100.065
100.059
100.081
100.097
100.103
100.118
100.118
100.13
100.134
100.132
100.11
100.145
100.141
100.154
100.147
100.157
100.162
100.18
100.208
100.201
100.209
100.204
100.184
100.188
100.193
100.202
100.194
100.225
100.254
100.277
100.283
100.263
100.278
100.28
100.281
100.277
100.281
100.282
100.306
100.299
100.316
100.303
100.301
100.317
100.317
100.295
100.279
100.292
100.282
100.286
100.306
100.295
100.293
100.275
100.278
100.274
100.249
100.285
100.263
100.261
100.26
100.249
100.246
100.262
100.274
100.276
100.296
100.28
100.259
100.261
100.274
100.276
100.255
100.28
100.249
100.23
100.239
100.222
100.215
100.198
100.197
100.216
100.205
100.237
100.245
100.252
100.277
100.307
100.338
100.33
100.313
100.333
100.338
100.331
100.35
100.346
100.32
100.364
100.36
100.371
100.336
100.321
100.317
100.306
100.304
100.299
100.288
100.303
100.318
100.319
100.326
100.343
100.316
100.314
100.308
100.323
100.332
100.322
100.322
100.327
100.354
100.356
100.368
100.369
100.38
100.361
100.356
100.336
100.354
100.359
100.369
100.369
100.362
100.346
100.327
100.306
100.311
100.307
100.312
100.314
100.308
100.316
100.316
100.286
100.282
100.275
100.272
100.317
100.328
100.34
